4735294307568601
4735291275346916
4735041789760574
4733989535617319
4733872477308188
4733095796803797
4732874907717862
4732392172683892
4732364997264532
4735370607198745
4735630733216479
4735638995209745
4735641282152084
4735729542370183
4736123916259080
4736346726075825
4736546609038683
4736739161933215
4736746333674097
4736748456774041
4736744090243610
4736778311046593
4736780403740454
4736779368007555
4737096021443138
4737145250252553
4737147146076893
4737207561355947
4737254365072667
4738275900916288
4738287304967646
4738525590981695
4738552766399586
4738581882994753
4738581543783079
4738606201832330
4738656345261273
4738711998434297
4739042242200282
4739067973734084
4739281324606490
4739399143132488
4739642345917827
4739670417870263
4739693209980928
4739777687195138
4740147024760972
4740161378717023
4740386695677180
4740515939222259
4740872606325164
4740824481141612
4741131110188504
4741145928665925
4741184461472593
4741429949106888
4741548329141732
4741561722863896
4741617132769416
4742196778241487
4742221942752432
4742224979692579
4742309830461363
4742511866940963
4742539032920835
4742543364853184
4742575158725886
4742573132614643
4742629634342991
4742896999465757
4743375004373331
4743384609325781
4743414845801123
4743731897696495
4743987406047249
4744075615408712
4744323797354516
4744456669235787
4744465471767335
